10,212
10,204
10,199
10,103
10,294
10,268
10,176
11,11
11,8
11,5
11,25
8,12
8,10
26,3
26,1
25,3
25,2
25,1
25,0
20,3
20,2
20,1
19,3
19,2
19,1
12,3
12,2
12,1
11,30
11,29
11,28
11,26
11,23
11,16
11,15
11,13
11,12
11,10
11,9
11,7
11,6
11,3
11,2
11,1
10,307
10,287
10,275
10,252
10,236
10,186
10,182
10,177
10,164
10,163
10,110
10,102
10,74
10,70
10,18
10,16
18,1
10,3
18,3
10,2
10,1
9,7
9,6
9,4
14,1
9,3
14,3
9,2
13,1
9,1
13,3
8,18
8,17
8,16
8,14
8,13
8,11
8,8
8,7
8,6
8,5
8,4
8,3
8,2
8,1
3,3
3,2
3,1
2,2
2,3
2,1
0,472
